test0.jpg 2 0.90 58 241 315 485
test1.jpg 3 0.94 297 448 1075 1380
test10.jpg 3 0.73 128 222 405 343
test10.jpg 3 0.56 64 166 169 195
test10.jpg 0 0.70 39 194 214 256
test100.jpg 0 0.81 2 264 188 326
test101.jpg 2 0.99 71 282 249 393
test102.jpg 3 0.94 320 1258 888 1488
test103.jpg 3 0.95 7 20 813 886
test104.jpg 0 0.62 83 1099 1026 1749
test104.jpg 3 0.66 238 696 931 1136
test105.jpg 3 0.96 0 446 1012 1659
test106.jpg 2 0.75 220 432 788 1197
test107.jpg 0 0.77 146 284 253 347
test108.jpg 2 0.99 98 1220 864 1920
test109.jpg 0 0.95 20 833 435 1199
test109.jpg 3 0.80 350 199 715 300
test11.jpg 3 1.00 84 243 993 1131
test110.jpg 3 0.97 115 318 211 348
test111.jpg 2 0.96 152 502 914 1277
test112.jpg 3 0.88 450 371 869 585
test113.jpg 0 0.93 327 961 961 1290
test114.jpg 3 1.00 81 227 260 451
test115.jpg 2 0.83 102 234 263 386
test116.jpg 2 0.92 40 482 173 536
test117.jpg 3 0.93 648 879 1053 1114
test118.jpg 0 0.96 45 448 1035 975
test119.jpg 0 0.90 15 400 1050 1299
test12.jpg 3 0.93 603 2020 2352 3501
test120.jpg 2 0.99 84 260 364 486
test121.jpg 3 0.99 76 457 707 858
test122.jpg 0 0.97 153 324 746 813
test123.jpg 3 0.98 88 146 234 436
test123.jpg 0 0.72 116 10 203 58
test124.jpg 3 0.98 479 703 1313 1053
test125.jpg 2 0.98 0 319 1080 1206
test126.jpg 0 0.99 35 226 522 453
test127.jpg 3 0.96 166 1024 784 1502
test128.jpg 0 0.95 304 68 437 228
test129.jpg 3 0.97 51 314 401 454
test13.jpg 3 1.00 59 119 257 349
test130.jpg 1 0.95 21 390 262 466
test131.jpg 3 0.96 671 809 940 892
test132.jpg 2 0.97 100 301 285 431
test133.jpg 2 0.86 69 314 1168 1454
test134.jpg 3 0.90 377 668 891 797
test135.jpg 2 0.99 466 607 978 903
test136.jpg 0 0.92 138 251 394 478
test136.jpg 0 0.89 156 108 320 224
test137.jpg 2 0.98 0 190 1075 1251
test138.jpg 0 0.95 458 1006 1279 1593
test138.jpg 0 0.64 799 810 1267 1054
test138.jpg 0 0.98 345 740 718 919
test139.jpg 0 0.60 220 641 587 797
test14.jpg 3 0.98 0 16 361 421
test140.jpg 0 0.94 48 122 274 227
test141.jpg 3 0.95 50 867 1222 1658
test142.jpg 1 0.99 223 450 433 612
test143.jpg 3 0.98 367 697 676 812
test144.jpg 3 0.99 413 1037 733 1237
test145.jpg 3 0.93 344 714 759 937
test146.jpg 3 0.97 346 882 708 1069
test147.jpg 2 0.99 52 329 269 528
test148.jpg 0 0.84 130 92 302 392
test149.jpg 3 0.99 398 806 792 977
test149.jpg 0 0.70 782 667 1049 736
test15.jpg 2 0.91 81 103 1080 1237
test150.jpg 3 0.97 324 448 719 672
test151.jpg 3 0.92 469 1269 1279 1566
test152.png 4 0.87 44 168 223 293
test153.jpg 3 0.78 633 210 1457 783
test154.jpg 0 0.92 118 367 1000 1112
test155.jpg 3 0.95 218 811 696 1255
test156.jpg 2 0.99 107 157 264 267
test157.jpg 2 0.88 56 198 938 1118
test158.jpg 2 0.84 28 138 286 364
test159.jpg 0 0.92 170 528 468 767
test16.jpg 0 0.95 4 477 255 635
test160.jpg 0 0.83 233 416 620 630
test161.jpg 2 0.94 199 708 971 1401
test162.jpg 3 0.91 253 511 812 911
test163.jpg 3 0.99 87 153 272 328
test164.jpg 2 0.97 120 118 326 272
test165.jpg 0 0.71 213 681 463 800
test165.jpg 1 0.91 257 529 414 668
test166.jpg 1 0.90 83 207 475 544
test167.jpg 2 0.99 97 288 277 448
test168.jpg 2 0.99 93 164 293 315
test169.jpg 0 0.88 152 32 398 237
test17.jpg 2 0.95 233 414 736 1044
test170.jpg 3 0.99 101 268 268 386
test171.jpg 3 0.95 165 352 738 732
test172.jpg 3 0.80 458 598 1068 791
test173.jpg 0 0.94 312 925 790 1283
test174.jpg 0 0.98 159 527 852 935
test175.jpg 3 0.99 100 370 259 437
test176.jpg 3 0.93 67 147 267 306
test177.jpg 0 0.97 14 118 540 630
test178.jpg 3 0.95 247 436 1059 667
test179.jpg 2 0.93 239 556 1035 1262
test18.jpg 3 0.99 51 150 322 277
test180.jpg 0 0.91 147 545 927 859
test181.jpg 2 0.90 0 198 1011 1352
test182.jpg 3 1.00 48 196 236 349
test183.jpg 2 0.99 185 1120 641 1622
test184.jpg 3 0.90 367 462 673 557
test185.jpg 0 0.94 403 595 745 830
test186.jpg 1 0.96 78 19 1468 842
test187.jpg 3 0.95 323 65 834 311
test188.jpg 2 0.97 261 645 770 1001
test189.jpg 0 0.97 112 308 204 345
test19.jpg 3 1.00 90 125 284 339
test190.jpg 2 0.84 260 807 779 1241
test191.jpg 3 0.86 466 1047 977 1392
test191.jpg 0 0.70 214 805 528 959
test192.jpg 0 0.90 368 304 840 440
test192.jpg 3 0.87 306 478 975 879
test193.jpg 3 0.95 40 124 279 334
test194.jpg 0 0.97 106 112 1071 634
test194.jpg 3 0.76 32 596 1080 1426
test195.jpg 1 0.95 37 72 352 203
test196.jpg 3 0.92 87 177 294 354
test197.jpg 3 0.97 119 713 834 1388
test198.jpg 0 0.98 44 448 1104 1068
test198.jpg 0 0.96 351 61 1082 379
test199.jpg 0 0.60 291 476 480 638
test199.jpg 3 0.88 133 326 298 412
test2.jpg 1 1.00 115 279 489 600
test20.jpg 0 0.84 676 120 1059 231
test20.jpg 0 0.73 673 769 1080 1313
test20.jpg 3 0.74 145 410 943 803
test200.jpg 0 0.99 233 488 1038 915
test201.jpg 0 0.83 3 429 174 487 
test201.jpg 0 0.81 183 505 399 587 
test201.jpg 0 0.89 208 392 363 443 
test201.jpg 3 0.92 497 625 867 863
test202.jpg 2 0.97 207 590 842 916
test202.jpg 2 0.73 426 934 1076 1418
test203.jpg 1 0.90 0 94 337 322
test204.jpg 2 0.99 255 748 555 882
test205.jpg 1 0.95 360 186 648 390
test206.jpg 2 0.99 155 937 2257 3682
test207.jpg 3 1.00 0 418 926 1145
test208.jpg 2 0.96 77 99 360 401
test209.jpg 0 0.63 82 955 910 1586
test209.jpg 3 0.67 208 612 816 996
test21.jpg 0 0.75 0 157 74 198
test21.jpg 3 0.72 66 207 178 316
test210.jpg 2 1.00 63 173 269 267
test211.jpg 2 0.95 103 941 541 1075
test211.jpg 2 0.80 575 854 941 1010
test212.jpg 2 0.99 119 143 318 298
test213.jpg 0 0.60 219 518 483 641
test213.jpg 3 0.79 291 675 1051 1089
test214.jpg 0 0.88 152 32 398 237
test215.jpg 2 0.98 188 1026 724 1624
test216.jpg 0 0.97 59 66 250 228
test217.jpg 2 0.51 292 461 810 940
test218.jpg 0 0.96 223 469 677 875
test219.jpg 0 0.64 43 0 247 71
test219.jpg 1 0.98 98 150 261 359
test22.jpg 3 0.99 23 764 678 1430
test220.jpg 3 0.98 179 436 680 838
test221.jpg 1 1.00 28 458 755 1172
test222.jpg 2 0.99 159 302 421 575
test223.jpg 2 0.99 251 550 873 1071
test223.jpg 3 0.80 469 97 891 363
test224.jpg 4 0.70 245 498 740 844
test225.jpg 1 1.00 243 146 832 652
test226.jpg 3 0.97 180 844 1018 1783
test227.jpg 0 0.88 160 482 899 1191
test227.jpg 0 0.57 787 6 1080 214
test228.jpg 0 0.78 139 316 352 591
test228.jpg 0 0.78 71 148 288 282
test229.jpg 0 0.78 70 259 400 429
test229.jpg 0 0.71 19 181 189 238
test23.jpg 3 0.99 302 637 735 870
test230.jpg 0 0.89 22 224 189 286
test230.jpg 3 0.77 126 258 348 390
test230.jpg 0 0.68 3 153 99 181
test231.jpg 0 0.93 298 800 840 979
test232.jpg 2 0.80 88 575 837 1059
test233.jpg 0 0.91 63 181 283 312
test233.jpg 0 0.81 4 106 98 161
test233.jpg 0 0.58 240 97 285 152
test234.jpg 3 0.84 133 226 535 571
test235.jpg 3 0.97 42 321 229 368
test236.jpg 1 0.62 83 411 419 608
test237.jpg 0 0.95 245 356 551 522 
test237.jpg 3 0.95 225 530 616 857
test238.jpg 2 0.97 4 172 301 355
test239.jpg 3 0.97 211 854 881 1162
test24.jpg 3 1.00 140 429 830 993
test240.jpg 2 0.75 372 840 954 1392
test241.jpg 3 0.99 520 1306 1145 1608
test242.jpg 1 0.98 17 11 714 576
test243.jpg 0 0.92 236 415 924 1064
test244.jpg 0 0.77 1013 697 1270 772
test244.jpg 3 0.98 588 910 1025 1169
test245.jpg 3 0.95 130 221 364 316
test246.jpg 0 0.80 289 726 780 865
test246.jpg 2 0.95 163 1000 996 1420
test247.jpg 0 0.80 280 596 811 756
test248.jpg 0 0.87 273 598 773 761
test249.jpg 1 0.99 297 547 734 894
test25.jpg 3 0.79 101 162 369 401
test250.jpg 3 0.99 274 378 852 863
test251.jpg 3 0.71 490 1611 1245 1909
test252.jpg 3 0.98 223 478 619 720
test253.jpg 3 0.99 211 889 944 1440
test254.jpg 0 0.86 61 475 668 744
test255.jpg 0 0.58 346 452 576 557
test255.jpg 3 0.86 315 557 728 794
test255.jpg 0 0.95 313 790 789 1048
test256.jpg 0 0.95 63 448 222 506
test256.jpg 2 0.99 439 387 566 449
test257.jpg 2 0.87 117 279 225 411
test258.jpg 2 0.98 89 544 935 1338
test259.jpg 0 0.61 144 568 303 609
test259.jpg 3 0.95 281 957 653 1208
test260.jpg 2 0.91 0 191 1080 1390
test261.jpg 3 0.82 315 922 829 1274
test262.jpg 3 0.87 213 368 3151 3242
test263.jpg 0 0.78 144 222 266 315
test264.jpg 0 0.95 185 495 476 731
test265.jpg 0 0.92 241 256 375 345
test265.jpg 1 0.94 121 342 341 543
test266.jpg 0 0.98 17 473 1080 979
test267.jpg 0 0.93 34 282 624 551
test268.jpg 0 0.95 993 3 2390 1373
test268.jpg 2 0.84 906 1685 2700 3240
test269.jpg 0 0.92 364 581 919 836
test27.jpg 3 0.97 269 951 870 1411
test270.jpg 0 0.94 165 707 367 858
test270.jpg 0 0.84 305 853 663 1000
test271.jpg 3 0.92 74 221 189 391
test272.jpg 0 0.70 735 858 1199 1016
test272.jpg 3 0.94 344 1028 1087 1326
test273.jpg 3 0.80 43 50 244 137
test274.jpg 3 0.98 308 903 668 1100
test275.jpg 2 0.99 104 157 325 339
test276.jpg 0 0.53 4 467 209 538
test276.jpg 0 0.42 638 525 915 591
test276.jpg 2 0.79 225 879 815 1144
test277.jpg 0 0.90 262 122 339 155
test277.jpg 1 0.99 72 236 235 370
test278.jpg 0 0.89 471 501 834 677
test278.jpg 0 0.73 29 455 388 613
test278.jpg 0 0.64 0 986 584 1431
test279.jpg 0 0.96 229 513 868 888
test28.jpg 0 0.79 212 481 485 640
test28.jpg 0 0.50 485 492 776 626
test28.jpg 3 0.56 291 639 887 953
test280.jpg 0 0.76 87 253 1011 1111
test281.jpg 3 0.85 418 1085 951 1537
test282.jpg 2 0.99 216 566 889 1145
test283.jpg 3 0.95 382 1605 1043 1902
test284.jpg 0 0.92 182 475 564 677
test284.jpg 0 0.81 448 374 629 440
test285.jpg 0 0.93 289 454 801 683
test285.jpg 0 0.60 3 401 205 724
test286.jpg 2 0.98 392 361 1030 875
test287.jpg 0 0.92 180 325 812 896
test288.jpg 0 0.72 131 313 284 400
test288.jpg 0 0.41 273 474 480 638
test289.jpg 3 0.83 132 1031 763 1217
test29.jpg 4 0.80 145 450 851 999
test290.jpg 0 0.83 172 67 382 209
test290.jpg 0 0.81 464 21 663 110
test290.jpg 3 1.00 245 282 576 567
test291.jpg 0 0.49 245 663 487 758
test291.jpg 3 0.88 334 781 655 981
test292.jpg 0 0.87 480 438 1057 797
test293.jpg 3 0.98 263 962 732 1252
test294.jpg 2 0.98 166 903 2646 3244
test295.jpg 1 0.78 141 259 528 584
test296.jpg 3 0.95 335 1641 1109 2051
test297.jpg 0 0.95 195 445 843 716
test297.jpg 0 0.94 30 965 1080 1410
test297.jpg 0 0.88 517 116 976 218
test298.jpg 0 0.92 0 192 1071 1219
test299.jpg 3 0.70 343 1485 809 1745
test3.jpg 2 0.86 104 136 334 294
test30.jpg 3 1.00 191 606 749 1051
test300.jpg 0 0.95 5 878 1039 1495
test301.jpg 0 0.97 261 660 523 796
test301.jpg 0 0.70 15 553 201 617
test302.jpg 0 0.73 107 212 380 412
test302.jpg 0 0.71 214 63 416 144
test303.jpg 0 0.61 197 174 281 202
test303.jpg 3 0.61 135 286 394 434
test304.jpg 1 0.96 196 155 560 466
test305.jpg 1 0.97 14 72 306 296
test306.jpg 2 0.77 54 686 682 1306
test307.jpg 2 0.90 251 538 476 611
test308.jpg 3 0.93 239 1443 982 1746
test309.jpg 0 0.90 119 260 930 1153
test31.jpg 3 0.90 16 895 795 1678
test310.jpg 0 0.96 135 557 977 1125
test311.jpg 0 0.87 149 848 887 1496
test312.jpg 0 0.98 0 512 1071 1225
test313.jpg 4 0.75 442 400 768 558
test314.jpg 3 0.98 222 1599 2858 3153
test315.jpg 2 0.95 222 1210 656 1404
test316.jpg 3 0.73 89 200 961 1345
test317.jpg 1 1.00 113 86 572 486
test318.jpg 2 0.70 61 338 1040 1628
test319.jpg 3 0.99 470 647 1214 1080
test32.jpg 3 0.92 67 262 307 461
test320.jpg 0 0.60 39 339 298 436
test320.jpg 3 0.91 312 352 796 515
test320.jpg 4 0.80 465 652 887 847
test321.jpg 0 0.49 123 433 294 593
test321.jpg 1 0.94 59 254 209 396
test323.jpg 3 1.00 44 141 264 308
test324.jpg 2 0.99 166 475 915 1188
test325.jpg 0 0.78 221 612 779 962
test325.jpg 4 0.31 212 611 835 986
test326.jpg 1 0.99 62 199 233 349
test327.jpg 0 1.00 91 364 1076 828
test328.jpg 3 1.00 473 1294 2721 3141
test329.jpg 3 0.98 24 179 1050 934
test329.jpg 3 0.53 310 130 871 443
test33.jpg 0 0.80 17 219 112 242
test33.jpg 0 0.80 72 259 205 304
test33.jpg 2 0.99 73 337 247 423
test330.jpg 3 0.68 269 433 675 574
test331.jpg 1 0.98 76 21 251 180
test332.jpg 2 0.97 180 352 1007 1440
test333.jpg 3 0.96 114 212 314 459
test334.jpg 0 0.63 426 357 556 417
test334.jpg 1 0.93 454 412 618 504
test335.jpg 2 0.93 201 849 803 1243
test336.jpg 3 0.81 98 401 995 711
test337.jpg 0 0.90 56 225 205 293
test338.jpg 2 0.90 34 173 319 446
test339.jpg 2 1.00 45 162 293 293
test34.jpg 0 0.63 290 834 722 978
test34.jpg 0 0.59 1 748 196 810
test34.jpg 3 0.84 279 947 722 1218
test340.jpg 0 0.80 298 1086 814 1404
test340.jpg 0 0.70 5 1185 311 1455
test341.jpg 2 0.99 87 133 391 345
test342.jpg 2 0.99 458 189 812 527
test343.jpg 2 0.98 246 753 508 850
test344.jpg 2 0.99 74 163 249 306
test345.jpg 3 0.95 439 855 817 1080
test346.jpg 3 0.98 234 401 720 702
test347.jpg 0 0.61 136 331 317 443
test347.jpg 3 0.65 239 346 719 505
test348.jpg 3 0.98 179 116 808 748
test349.jpg 0 0.95 236 439 477 551
test35.jpg 2 1.00 125 137 347 331
test36.jpg 0 0.95 68 227 226 326
test36.jpg 0 0.80 194 145 281 182
test36.jpg 0 0.89 5 95 89 136
test37.jpg 3 0.61 47 551 1067 1403
test38.jpg 3 0.94 0 377 1080 994
test39.jpg 0 0.95 217 455 901 1117
test4.jpg 0 0.98 212 405 876 795
test4.jpg 0 0.61 160 179 404 250
test40.jpg 2 0.99 291 925 3158 2455
test41.jpg 3 0.99 212 1266 694 1643
test42.jpg 2 0.99 100 1060 584 1421
test43.jpg 3 0.99 200 146 535 404
test44.jpg 3 0.87 397 1169 845 1310
test45.jpg 2 0.99 208 176 448 373
test46.jpg 0 0.52 51 238 203 293
test46.jpg 0 0.50 164 266 410 387
test46.jpg 3 0.52 50 224 151 251
test47.jpg 3 0.80 60 614 615 754
test48.jpg 3 0.99 123 401 716 869
test49.jpg 3 1.00 144 352 1017 1136
test5.jpg 4 0.76 255 428 807 627
test50.jpg 2 0.99 77 260 229 364
test51.jpg 1 0.99 175 115 429 322
test52.jpg 0 0.87 16 427 967 1138
test53.jpg 3 1.00 187 639 1008 1195
test54.jpg 0 0.93 415 1033 988 1445
test54.jpg 3 0.88 607 727 884 865
test55.jpg 0 0.68 29 191 1012 950
test56.jpg 0 0.84 221 288 324 360
test57.jpg 1 0.96 81 156 445 387
test58.jpg 0 0.97 124 166 299 264
test58.jpg 0 0.97 69 52 187 97
test59.jpg 0 0.70 285 44 393 97
test59.jpg 2 1.00 187 187 405 358
test6.jpg 2 0.98 87 244 261 349
test60.jpg 0 0.97 177 298 884 664
test61.jpg 3 0.95 99 934 770 1272
test62.jpg 3 0.92 32 173 286 382
test63.jpg 0 0.78 63 250 497 499
test63.jpg 3 0.98 0 627 655 1114
test64.jpg 4 0.30 283 464 833 846
test65.jpg 0 0.98 45 119 290 209
test66.jpg 0 0.92 95 460 713 853
test67.jpg 0 0.98 24 105 282 215
test68.jpg 0 0.87 42 334 717 1014
test68.jpg 0 0.84 497 328 1056 934
test69.jpg 0 0.95 279 981 776 1247
test69.jpg 0 0.71 79 649 388 742
test69.jpg 2 0.69 151 775 560 918
test7.jpg 3 0.90 35 428 936 1008
test70.jpg 0 0.92 96 366 1007 897
test71.jpg 1 0.95 398 507 653 619
test72.jpg 1 0.96 2484 1851 3456 2864
test72.jpg 1 0.91 1266 1781 2447 3172
test73.jpg 0 0.59 125 189 282 277
test74.jpg 0 0.77 261 556 1047 820
test75.jpg 0 0.82 264 352 710 522
test75.jpg 3 0.82 18 596 1035 1040
test76.jpg 0 0.56 822 238 978 272
test76.jpg 1 0.84 330 636 750 880
test77.jpg 2 1.00 117 232 251 308
test77.jpg 4 0.89 30 192 136 238
test78.jpg 0 0.90 103 223 306 378
test79.jpg 2 0.96 127 468 943 1289
test8.jpg 3 0.74 100 62 1381 939
test80.jpg 2 0.97 4 441 874 1380
test81.jpg 3 0.94 272 273 744 507
test82.jpg 3 0.96 276 442 878 894
test83.jpg 0 0.92 178 411 963 1074
test84.jpg 3 0.95 31 109 4206 2420
test85.jpg 3 0.97 142 332 368 441
test86.jpg 0 0.90 0 443 939 987
test87.jpg 0 0.74 230 40 329 83
test87.jpg 3 0.99 76 221 275 407
test88.jpg 1 0.94 373 245 643 437
test89.jpg 2 0.98 160 645 932 1422
test9.jpg 0 0.70 674 112 1067 366
test9.jpg 3 0.72 89 400 731 1219
test90.jpg 0 0.69 59 226 493 534
test91.jpg 1 0.77 47 139 304 225
test92.jpg 3 1.00 59 119 257 349
test93.jpg 3 1.00 32 641 943 1211
test94.jpg 0 0.90 124 263 325 386
test94.jpg 0 0.74 1 259 153 329
test95.jpg 0 0.91 680 747 1056 1042
test95.jpg 3 0.90 656 580 925 660
test96.jpg 2 1.00 444 837 722 962
test97.jpg 0 0.87 78 497 752 980
test98.jpg 3 0.95 501 236 755 292 
test99.jpg 2 0.97 93 208 357 430
